0.22|-1.284|0.0720001|-1.104|
0.637152,0,-0.77074,0,0,1,0,0,0.77074,0,0.637152,0,15.3898,0,-9.19633,1|
-0.0890854,0,-0.996026,0,0,1,0,0,0.996026,0,-0.0890854,0,16.149,0,-8.95283,1|
-0.960617,0,-0.277887,0,0,1,0,0,0.277887,0,-0.960617,0,17.0134,0,-9.67966,1|
